1 43 49 56 90
2 18 21 15 85 87 89 82 98 75 62 7 53 68 54 60
3 64 35 34 39 20 73 63 66 74 10 8 16 79 87
4 45 43 72 80 100 47 64 5 58 89 77
5 45
6 71 12 99 97 10 27 59 41 95 38 29 65 81 57 72
7 87 60 56 68 43 31
8 94 16 46
9 73 68 81 84 89 85 90 15 80 45 95 17 59 60 28
10 87 26 98 67 60 80 15 76 92 85 9 73 61 84 18
11 59 95 48 37 41 47 44 86 53 88 87
12 76 86 41 27
13 1 18 59 83 6 35 95 77 56 66 80 74 32 98 3 37 51 16 17 71
14 34 31 68 64
15 30 8 9 50 51 86 60 83 99 11 1 36 79 18 13 74 19 34
16 75 78 37 48 80 89 42 69 61 66 14 36 27 55 25
17 92
18 59 43 45 64 48
19 72 74 85 12 20 29 1 54 40 26 75 89 23 63 81 59 44 93 77
20 53 59 87 99 10 75 42 57 41
21 83 2 46 45 77 24 7 34 93 33 25 100 4
22 7 80
23 27 68 39 55 46 93 52 11 73 18 49
24 34 42 82 90 55 60 97
25 98 22 88
26 92 73 90 62 20
27 100 35 8 44 42 41 77 11 67 22 46 72 32 33 62 16 84 45 23
28 3 17 13 95 24 71
29 7 42 99 58 1
30 64 28
31 57 88 78 84 87 64 30 90 17 20 83 89
32 66
33 72 1 93 50 29 61 56 59 90 76 52 20 68 51 77
34 85 75 81 65 80 73 97 37 76 14 19 22 5 59 62 27 6
35 43 18 58 30 16 96 12 53 7
36 13 8 4 32 79 71 60 42 100 46 33 43 69 55 14 12 19 15
37 1 28 17 8 54 94 76
38 75 31 69 86 37 2
39 88 100 25 83 5 81 79 1 96 70 3 51 54 29 52 26 38 49
40 79 41 100 35 20 49 34 60 31 6 23 5 99 47 43 96 7
41 21 26 76 19 89
42 96 81 76 59 94 40 27 93 13 43 68 2
43 29 70 5 26 74 11 57 87 86 89 85 1 30 73 68 94 77 8 39
44 20
45 40 3 11 59 75 29 63 44 27 19 67 99 76 14 33 74 25 85
46 3 26 71 52 73 30 98 69 85 29 33 31
47 89 86 68 52 42 39 58 55 45
48 83 73 90 38 59 91 30 82 87 22 36
49 21 41 99 30 53 86 18 81
50 88 43 85 37 75 82 42 99 76 4 9 98
51 97 11 12 82
52 39 43 94 68 50 53 2 51 1 31 11 70 69 60 58 96 82 92 42 98
53 8 49 84 96 91 64 38 63 52 87 15 13 45 62 17
54 63 4 67 74 23
55 43 70 80 32 100 26 41 84
56 46 36 23 89 49 96 37 13 40 87 11 1 59 18
57 54 39 31 14 79 24 34 23 63
58 20 80 19 48 7 18 87 6 8 29 43
59 7 88 38 76 73 100 18 95 92 54 39 75 13 49 80 79
60 49 95 23 97 50 22 7 93 94 39 2 53 79
61 14 66 56 85 79 26 27 59 46 92 54
62 46 34 37 38 83 50 54 71 32 76 18 99 56 69
63 34 76 62 31 87 79 21 47 25
64 7
65 45 31 32 42 62
66 28 41 80 36 34 79 33 55
67 44 69 33 18 20 19
68 88 81 6 19 55 72 90 13 40 54 51 27 17
69 23 86 39 31 60 94 54 96 5 92 24
70 39 49 74 100 13 78 43 28 92 86 60 37 76 18 79 11 36
71 49 56 78 18 42 72 11 1 47 37 6 79 4 20 51 31 76 38 3
72 81 38 48 51 67 21 73 61 58 79 77 50 76 2 60 44
73 90 88 44 94 55 30 12 28 17 84 51 59 79 42 10 9 78 89 33
74 76 15 89 87 23 52 6 85 25 18 4
75 31 48 21 84 27 85 95 12 23 80 68 62
76 12 70 66 21 69 8 94 41 15 57 36 23 83 35 45 14 18 72 79 24
77 45 54 59 19 21 4 91 28 36 53
78 7 91 79 25 47 57 22 88 45 72 40 77 86
79 13 35 63 89 92 20
80 34 1 81 44 19 89 50 47 4 84 90 51 66 14 20
81 32 14 4 34 30 60 72
82 25 92 27 65 78 99 76 62 40 19 2 87 44 41 53 68 28
83 69 28 48 43 68 38 62
84 11 51 3 71 8 89 77 64 54
85 24 38 88 11 79 23 51 66 53 22 32 93 99 56 27 62
86 58 74 21 81 12
87 33 26
88 4 86 9 1 62
89 76 43 12 96 53 46 65 56 25 67 28 30 74 37 23 62
90 99
91 61
92 8 40 17 64 53
93 20 33 15 9 68 39 29 82 88 100 58 70
94 66 15 43 5 81 41 75 9 13 90 7 17
95 55 36 100 5 82 80 67 52 9 98 84 38
96 49 2 100 85 83 35 19 25
97 78 44 60 15 36 83 96 67 52 40 2 94 34 89 73 42 86 26 31
98 46 67 31 54 2 44
99 11 25 47 10 5 58 31 62 55 64 39 44 45 70 52 29 51
100 51 78 77 30 61 67 23 71 66 41 15 96 49 64 29 72 89 43 86
